22233332
22323323
23223233
23333222
32222333
32332322
33232232
33322223
02211330
02301321
03201231
03311220
12200331
12310320
13210230
13300221
13312332
23321331
31133223
32233113
01321313
03121133
10233131
11330312
11333021
12033311
13130132
13133201
21303311
23103131
30211133
31311023
31312310
32011313
33111203
33112130
01203213
10022331
13322001
31230210
01313322
03113232
10133322
12302313
12333102
13202133
21033231
21331320
23131230
23233011
30112323
31021233
32312103
32320311
33220131
33221013
00331122
01231032
02131302
02230223
03031212
20313120
20322032
21213030
22113300
23013210
23022302
32203220
01233120
02133210
10321302
20312301
11332233
22331133
33123321
33213312
01223331
03323211
10223313
12023133
12132330
13332120
21201333
21313203
23113023
23301213
30232311
31331202
32032131
32110332
33131022
33310122
02313131
13101323
13132013
13231310
20131313
31013132
31310231
31323101
23232323
32323232
11113333
13313113
31131331
33331111
03223022
22002233
22332200
30220322
00132231
00312213
01032321
01102332
01212303
02332011
03232101
03302112
10123230
10303212
11023320
11203302
12323010
13223100
20330211
21120330
21230301
23320110
30321210
31221300
01320132
03120312
03210321
12301230
21302130
23102310
